# nnodes natoms steps/s Matomsteps/s/node
     1     100486818      0.096    9.64673
     2     100486818      0.192    9.64673
     4     100486818      0.381    9.57137
     8     100486818      0.762    9.57137
    16     100486818      1.509    9.47716
    32     100486818      3.006    9.43948
    64     100486818      5.986    9.39866
   128     100486818     11.695    9.18120
   256     100486818     22.866    8.97551
   512     100486818     46.112    9.05009
  1024     100486818     83.928    8.23599
  2048     100486818    127.178    6.24009
  4096     100486818    204.883    5.02638
  8192     100486818    277.148    3.39962
