# nnodes natoms steps/s Matomsteps/s/node
     1     100486818      0.074    7.43602
     2     100486818      0.147    7.38578
     4     100486818      0.296    7.43602
     8     100486818      0.594    7.46115
    16     100486818      1.176    7.38578
    32     100486818      2.315    7.26959
    64     100486818      4.654    7.30728
   128     100486818      9.124    7.16283
   256     100486818     17.780    6.97912
   512     100486818     33.139    6.50397
  1024     100486818     39.552    3.88130
  2048     100486818     61.833    3.03389
