# nnodes natoms steps/s Matomsteps/s/node
     1       1024000      7.217    7.39021
     2       1024000     14.146    7.24275
     4       1024000     27.790    7.11424
     8       1024000     47.750    6.11200
    16       1024000     57.477    3.67853
    32       1024000     96.783    3.09706
    64       1024000    169.164    2.70662
   128       1024000    222.298    1.77838
   256       1024000    307.824    1.23130
   512       1024000    390.371    0.78074
  1024       1024000    436.179    0.43618
  2048       1024000    453.114    0.22656
